5561982732731
5511945593412
5521980256802
5521989860817
5511993716647
5511947052821
5511940745555
5511986466304
5521979573244
5511940627772
5521973609013
5511945055565
5543984474952
5521995014574
5561992292823
5511998969157
5531989402468
5521995026771
5581983191701
5521965090014
5511989597492
5591981018624
5513981682653
5521972256717
5521990122634
5534997784023
5531973399157
5534991787234
5528999205470
555598147303
5521971966858
5522998868911
5519999351797
5511970552139
5519988693939
5511944888350
5511985960427
5511982533922
5511983098161
5511976319937
5511999874155
557799403317
5531996737315
5577991438318
5521970398989
5519993581817
5521982512216
5521991590032
5511959890313
5511945495730
5521964365028
5511989823853
5521996267389
5561983535657
5545998469412
5521972513180
5522998727265
5582999171229
5522998444460
5521964850070
5511932076203
5511941224926
5532998283076
5527997218978
5547999143341
5541999131883
5562984002000
5527997620848
5521966453939
5522999752983
5511959618611
5513981665465
5511976698562
5511940688702
5517981280321
5551993929418
5581973156734
5516991870246
5521980713412
5516994584021
5511985791524
5547988848670
5537999398321
5582991912453
5561991505763
5534991621533
5595991425677
5511989513591
5553981150702
5562991455388
5591984894432
5561992571633
5511946726457
5547991109595
5538988037910
5548988477083
5511979589057
5521979665531
5531986435337
5516991209420
5581986632312
5521983216165
5511948522517
5521966962003
5521984687841
5511977780065
5598984416899
5511953692419
5585996845198
5511920054933
5521995042064
5583999428632
5531992677212
5527993126242
5544999180354
5584991117078
5547997920920
5511950922640
5519996927536
5521986001715
5532984108398
5511987152923
5518997493935
5532998272707
5521972256717
5522992574680
5521969081406
5544997325624
559898890989
5516992906705
5585981628632
5534988941552
5561985778093
5511969441909
5521970121700
5531995280825
5511951186066
5519971494781
5551997820782
5521992229081
5521965424298
5513997928777
5584991016456
5531993126557
5553984243730
5538988242455
5511943094399
553189370453
5528999526189
5562999171219
5519981145663
558399869242
5565996449264
5519989207118
5551992396364
5571981125751
5511948116245
5511943192243
5551994208235
5511988648720
5521976382111
5519981304875
5592994216982
5511997997313
5531999101479
5511982503551
5519983017394
5532984082521
5519987686716
5554997020018
5533991404674
5533991462263
5511984869133
5511998050419
5544999307950
5527997308483
5527998638417
5582996188183
5521985736078
5521968738173
5522999187622
5561994071207
5534998283002
5562991741207
5577988393434
5551982306732
5521989406926
5547996076760
5521986754567
5548985974526
5519999351512
5516992507037
5511970821720
554198870456
5571992070863
5511986624458
5531986931776
5561993386508
5551997771753
5514981290881
5561984511955
5511969073001
5531985929016
5511940387391
554333480516
5531992034561
5517992381222
5551989033275
5555999760526
5524999179220
5531992932136
5518996721922
5573991312188
5521990604791
5511987460800
5511944660137
5521975054034
5531989899298
5531985679413
5592992062346
5522997107791
5561992160148
5519987803702
5562996460669
5547996211516
5555999591541
552499275082
5541996082096
5511976407175
5531991931482
5541995687623
5541998768694
5571986002213
5519993807475
5561993595985
5511986107096
5518996057230
5522999113641
5567991262076
5532988278542
5516994498822
552199790449
5511985016721
5511986498536
5551983022029
5519994039117
5511965070143
5564999399532
5547997729034
5519995375943
5571992824548
5511971666519
5551997228202
5511966105386
5521979477355
5591981673662
5519981950324
5514997157714
5521965113936
5531986704584
5527999741913
5511968513775
5513974154289
5589994225645
5511986199081
5551986128212
5511975328316
5565996759238
5535988540419
5567999449051
5519983027436
5517996584943
5547996211516
5541987782627
5511999236071
5561983077224
5561991204756
5561968416875
5511939391508
5513991861567
5543999313745
5511971230440
5521989792732
5511952089532
551158444176
5592993860914
5511948590973
5511959819068
5511986632792
5563992624884
5511949660651
5512991621116
5517981128757
5519997843060
5541995206498
5547997109221
5541984751009
5521981365071
5524992739217
5562985103040
5591983061107
5585985370824
551121533700
5513996141889
552196530339
5544998058465
5512992328060
5541987734683
5521969454046
5541995079625
5531989359219
5511983922157
5593992173031
5565992273427
5521965470557
5547996122133
5522999915774
5521980648793
5511986964863
5548999470980
551298705901
5511995293388
5567999009311
5531999457247
5562982937320
5565992686208
5533984454537
5524998319094
5551991497656
5521986874475
5571981475229
5516996130817
5532985821981
551198798706
5583999304363
5531984048880
5531975913300
5521990412630
5511949238941
5527995113480
5551991035878
5511972671984
5581984772371
5561998755110
5522999464937
5511975568350
5571991141571
5541999462496
5527997697253
5531993397338
5511995796834
5544997729814
5511969170085
5551984527834
557181821732
5521998528351
551193221739
5521990442396
5548996307655
5511986186397
5511972316406
5515996173985
5541987280181
5515996260908
5512991540986
5521986647602
5521964740200
5564999287053
5511975493608
5511959250541
5511989987783
5512981732215
553298021063
5515996157865
5547992012574
5519989372843
5511969071344
5596991382503
5521969954780
5511964822970
5551996609941
5521992068007
5531985639817
5516992195754
5511963643167
5513991544441
5547999989298
5524988152399
552498491425
5531998992803
5514998988314
5512991235478
5517996462670
5511949837859
5592991017488
5511948621812
5551994269109
5591988804308
5512982598537
5543996430548
5521975728029
5511985345131
5561996286062
5511947389113
5545998033466
5511970472115
5566981194505
5514998601805
553199708544
5547988356493
5511950661261
5511998453621
5538998352121
5551986063993
5521970733800
5532999156391
5511977922419
5511983615672
5511941477937
5554981699628
5511946793539
5511958901275
5573988881221
5595981164031
5521982686096
5541995781424
5521964788757
5562991351616
5511954543194
5538998012319
5511965228433
5519981336688
5531987183600
5521970460313
5511986625140
5524998313868
5521973846985
5561991723772
5575992873336
5521997670474
5519991866938
5519991866938
5511973169100
5531989360865
5511930602735
5521965585040
5516981860907
5594992827647
5521970406664
5521980642682
5531983744180
5551982321180
5511981089619
5521973870849
5511998322045
5541998780256
5521992480812
5511966254203
5511971649547
5511997144423
5511998699316
5511940331153
5521989484437
5511972782408
5521983021071
5577999230806
5531998342054
551374247519
5522999658372
5528999203216
5516996211599
5532998388108
5535999238804
5521995287142
5511988685624
5521972903006
5511964486754
5521975882934
5562982085038
5519988243424
5511930179816
5517997552202
5521989472134
5511985782876
5511949935151
5511991212319
5521980340812
5562981231723
5512982726412
5564993053728
5567992822077
5511975927247
5511951772006
5545998516155
5521990823774
5511947524226
5561992227946
5519997897221
5551998026312
5511958599638